# Marker IDs can be arbitrary strings.
# Marker ID,	Time (in s)
1,	1.1904
1,	3.1912
1,	5.1924
1,	7.1932
1,	9.1942
1,	11.1948
1,	13.1958
1,	15.1972
1,	17.1982
1,	19.1986
2,	21.1994
1,	23.2002
1,	25.2010
1,	27.2024
1,	29.2026
1,	31.2036
1,	33.2044
1,	35.2052
1,	37.2066
1,	39.2070
1,	41.2082
1,	43.2088
2,	45.2100
1,	47.2106
1,	49.2116
1,	51.2124
2,	53.2134
1,	55.2144
1,	57.2148
1,	59.2160
1,	61.2170
1,	63.2178
1,	65.2184
1,	67.2194
1,	69.2206
1,	71.2212
2,	73.2218
1,	75.2226
1,	77.2236
1,	79.2240
1,	81.2260
1,	83.2266
1,	85.2272
1,	87.2284
1,	89.2288
1,	91.2304
1,	93.2308
1,	95.2314
1,	97.2326
1,	99.2336
2,	101.2346
1,	103.2350
1,	105.2360
1,	107.2370
1,	109.2378
1,	111.2388
1,	113.2394
1,	115.2406
1,	117.2416
1,	119.2420
1,	121.2434
1,	123.2444
1,	125.2446
1,	127.2458
1,	129.2466
1,	131.2472
1,	133.2488
2,	135.2490
1,	137.2502
1,	139.2510
1,	141.2520
1,	143.2530
1,	145.2536
1,	147.2544
1,	149.2548
1,	151.2566
1,	153.2570
1,	155.2582
1,	157.2592
2,	159.2600
1,	161.2608
1,	163.2620
1,	165.2620
2,	167.2634
1,	169.2644
1,	171.2654
1,	173.2658
1,	175.2664
1,	177.2678
1,	179.2684
1,	181.2696
2,	183.2702
1,	185.2708
1,	187.2722
1,	189.2730
1,	191.2734
1,	193.2746
1,	195.2752
1,	197.2762
1,	199.2772
1,	201.2780
1,	203.2792
1,	205.2802
2,	207.2806
1,	209.2818
1,	211.2822
1,	213.2834
1,	215.2846
1,	217.2848
1,	219.2860
1,	221.2864
1,	223.2876
1,	225.2888
1,	227.2898
2,	229.2900
1,	231.2912
1,	233.2922
1,	235.2930
1,	237.2942
1,	239.2948
1,	241.2960
1,	243.2966
2,	245.2970
